3 0.3047160648994515 0.6083180987202925 0.03156421389396709 0.01736745886654475
3 0.5450896937842779 0.5246800731261426 0.05098834552102389 0.01828153564899452
3 0.8006384255027421 0.5237659963436928 0.0303502056672761 0.018281535648994592
2 0.15296503656307128 0.8834552102376599 0.1481090036563071 0.09963436928702009
2 0.6853076439670932 0.8363802559414991 0.14932301188299832 0.07861060329067641
2 0.19545532449725778 0.7367458866544788 0.1286848720292504 0.06764168190127962
2 0.2743658592321755 0.6238574040219379 0.09954867458866545 0.07586837294332732
2 0.3988017024680073 0.5521023765996343 0.086194584095064 0.06581352833638028
2 0.5274865744972579 0.5091407678244972 0.09590664990859231 0.06581352833638021
2 0.667704524680073 0.5063985374771481 0.08012454296160876 0.07495429616087755
2 0.8079224748628886 0.5356489945155393 0.1056187157221207 0.06946983546617914
2 0.9366073468921389 0.5840950639853747 0.09833466636197442 0.06581352833638021
1 0.6355333066727605 0.6814442413162706 0.3411363117001828 0.21663619744058507
1 0.7781792733089579 0.6764168190127972 0.3593464351005485 0.20109689213893972
0 0.4327939328153565 0.4104204753199268 0.4649651508226691 0.243144424131627
