3 0.4303659163619744 0.8999085923217549 0.05463037020109688 0.030164533820840944
3 0.60579010511883 0.8957952468007312 0.043704296160877475 0.03473491773308965
3 0.9038291247714807 0.8423217550274222 0.0449183043875685 0.028336380255941408
3 0.24644367001828152 0.6617915904936015 0.04370429616087751 0.020109689213893917
3 0.35570441042047535 0.39853747714808047 0.04613231261425959 0.021937842778793452
3 0.5596577925045704 0.3491773308957953 0.043704296160877544 0.016453382084095053
3 0.7848563185557587 0.3596892138939671 0.02549417276051187 0.021023765996343684
2 0.6531364259597805 0.5790676416819013 0.13111288848263242 0.06124314442413166
2 0.22337751371115172 0.5886654478976233 0.09226462522851918 0.07129798903107869
2 0.3126071183729433 0.7993601462522851 0.12504284734917728 0.07404021937842788
2 0.24098063299817185 0.6777879341864717 0.11290276508226693 0.08135283363802565
2 0.4382569698354662 0.8921389396709324 0.11897280621572215 0.0895795246800732
2 0.5985060557586838 0.9168190127970749 0.11411677330895799 0.10786106032906773
2 0.7660391910420475 0.9117915904936015 0.10197669104204748 0.10877513711151736
2 0.9014011083180988 0.8633455210237659 0.115330781535649 0.09963436928702024
2 0.25372771937842775 0.4945155393053016 0.10197669104204753 0.056672760511882955
2 0.3344592664533819 0.4076782449725787 0.10076268281535652 0.05850091407678258
2 0.43157992458866545 0.3587751371115174 0.07891053473491773 0.05210237659963433
1 0.24462265767824498 0.25182815356489946 0.2173074725776965 0.15265082266910426
1 0.5220235374771481 0.22440585009140768 0.25008569469835473 0.143510054844607
2 0.5475177102376599 0.3400365630712979 0.0849805758683729 0.060329067641681854
2 0.6707395452468008 0.34414990859232175 0.086194584095064 0.06124314442413155
2 0.9667861631627056 0.48308957952468007 0.06642767367458874 0.05575868372943326
2 0.8941170589579525 0.4108775137111518 0.10319069926873865 0.05210237659963433
2 0.7757512568555758 0.3606032906764169 0.07041247714808037 0.05027422303473493
2 0.9734632084095064 0.7746800731261425 0.05307358318098721 0.06855575868372953
1 0.5305215950639853 0.73308957952468 0.378770566727605 0.23034734917733082
1 0.40122971892138937 0.4963436928702011 0.28771994972577697 0.16819012797074953
0 0.6847006398537477 0.45018281535648996 0.36905850091407677 0.21846435100548448
