3 0.8241746424346704 0.8021023765996343 0.03785353263791791 0.06672760511882998
3 0.8055919991396925 0.13025594149908593 0.024088611678674994 0.033820840950639856
2 0.3351758253575653 0.3692870201096893 0.11287235186579211 0.11700182815356501
2 0.02580922679858049 0.07129798903107862 0.05161845359716098 0.113345521023766
2 0.8107538444994086 0.12979890310786107 0.10736638348209482 0.13528336380255943
2 0.705108076137219 0.026508226691042042 0.08740724809119257 0.053016453382084085
2 0.8671900204323046 0.3427787934186472 0.10323690719432208 0.14808043875685556
2 0.8761372190558124 0.56672760511883 0.12663727282503487 0.12065813528336392
2 0.8086891063555222 0.8007312614259596 0.12526078072911076 0.17001828153564902
2 0.6411011936767395 0.959780621572212 0.10117216905043541 0.08043875685557594
2 0.04473599311753953 0.9698354661791591 0.08947198623507906 0.06032906764168189
1 0.5650500053769223 0.2093235831809872 0.3840412947628778 0.30712979890310793
0 0.6004946768469728 0.5772394881170017 0.5072373373481022 0.7358318098720289
