3 0.25615573583180984 0.7632541133455212 0.06070041133455213 0.04204753199268751
3 0.5809029364716636 0.22120658135283364 0.06919846892138942 0.032906764168190106
3 0.9657435443327239 0.2020109689213894 0.06434243601462526 0.05301645338208409
2 0.22944755484460694 0.8085009140767824 0.20395338208409508 0.15630712979890304
2 0.22884055073126142 0.593235831809872 0.18817127513711157 0.1316270566727605
2 0.3393152993601462 0.38619744058500916 0.17117515996343693 0.13436928702010975
2 0.5226305415904936 0.2317184643510055 0.1978833409506398 0.10694698354661789
2 0.7447940470749543 0.17458866544789764 0.13475491316270563 0.12614259597806213
2 0.9443270109689215 0.17458866544789764 0.11134597806215724 0.12979890310786107
1 0.7016967550274222 0.8711151736745887 0.47831924131627057 0.2577696526508227
