1 0.2330895795246801 0.28473491773308957 0.3107861060329068 0.1910420475319927
1 0.5730118829981719 0.2595978062157221 0.3035020566727605 0.16819012797074953
3 0.23794561243144421 0.8871115173674587 0.04856032906764167 0.026508226691042153
3 0.3811985831809872 0.5141681901279707 0.05341636197440586 0.02650822669104201
3 0.6343192984460694 0.4424131627056673 0.06434243601462526 0.032906764168190106
3 0.9111131741316271 0.4657221206581353 0.025494172760511868 0.030164533820840944
2 0.23491059186471663 0.9149908592321755 0.15175102833638024 0.11882998171846423
2 0.20456038619744057 0.7833638025594151 0.13718292961608772 0.09689213893967093
2 0.2494786905850091 0.6393967093235831 0.10076268281535647 0.07586837294332717
2 0.7369029936014624 0.7705667276051189 0.1116887568555758 0.07861060329067641
2 0.359953439213894 0.5237659963436928 0.13718292961608772 0.06764168190127968
2 0.4934943441499085 0.4556672760511883 0.11290276508226689 0.09232175502742229
2 0.6294632655393053 0.4268738574040219 0.11047474862888493 0.07495429616087748
2 0.7708952239488116 0.42915904936014626 0.09469264168190122 0.07586837294332724
2 0.9147551988117002 0.473034734917733 0.0934786334552102 0.08318098720292504
1 0.4455410191956124 0.6654478976234003 0.3496343692870201 0.23583180987202923
1 0.5262725662705666 0.909963436928702 0.35327639396709315 0.1800731261425959
0 0.7816499085923218 0.5923217550274222 0.4367001828153565 0.29616087751371106
