3 0.4600924830626949 0.6183729433272396 0.04335950102161519 0.06124314442413158
3 0.14556403914399396 0.25 0.04748897730938809 0.048446069469835464
3 0.019615012366921175 0.05393053016453382 0.03372405635014518 0.043875685557586835
2 0.2185181202279815 0.5059414990859232 0.13145499516076994 0.2093235831809872
2 0.4287772878804173 0.646709323583181 0.15003763845574794 0.19469835466179147
2 0.6576190988278309 0.7148080438756855 0.1204430583933756 0.21206581352833637
2 0.8864609097752446 0.6672760511882998 0.1156253360576406 0.20109689213893966
2 0.0925690934509087 0.2742230347349177 0.12457253468114851 0.15356489945155388
2 0.03510054844606947 0.062157221206581355 0.07020109689213894 0.12431444241316271
0 0.7298741800193571 0.2586837294332723 0.5402516399612861 0.5173674588665446
