3 0.9372143510054843 0.5923217550274222 0.06798446069469832 0.031078610603290643
3 0.5894009940585009 0.3464351005484461 0.0740545018281535 0.03473491773308957
3 0.2725448468921389 0.35374771480804384 0.05220235374771484 0.025594149908592313
3 0.7611831581352833 0.9373857404021939 0.05341636197440579 0.03747714808043881
2 0.4097277765082266 0.6412248628884827 0.1493230118829981 0.0831809872029251
2 0.8613388368372944 0.4949725776965265 0.13475491316270577 0.08866544789762337
2 0.10986774451553931 0.38528336380255945 0.12018681444241316 0.07404021937842785
2 0.25919075639853745 0.3391224862888482 0.11290276508226693 0.06946983546617914
2 0.4279378999085923 0.3350091407678245 0.10076268281535647 0.08683729433272397
2 0.5912220063985374 0.3496343692870201 0.1456809872029251 0.09597806215722123
2 0.05038134140767824 0.9373857404021938 0.10076268281535648 0.09232175502742222
2 0.7411520223948813 0.3989945155393053 0.11290276508226682 0.08135283363802558
2 0.9315799245886655 0.7326325411334551 0.1368401508226691 0.0978062157221207
2 0.8898680301645338 0.8596892138939671 0.1505370201096892 0.10146252285191963
2 0.7551131170018281 0.946983546617916 0.1505370201096892 0.10603290676416818
1 0.2604047646252285 0.8354661791590493 0.462537134369287 0.2979890310786105
1 0.2160934643510055 0.18098720292504575 0.3593464351005484 0.17550274223034737
0 0.45646709323583173 0.473034734917733 0.5123114716636197 0.2861060329067642
