3 0.5772609117915904 0.41590493601462525 0.04977433729433265 0.025594149908592313
3 0.824918590036563 0.8235831809872028 0.05705838665447913 0.031078610603290712
3 0.013354090493601463 0.38482632541133455 0.026708180987202925 0.01462522851919566
2 0.20759540676416818 0.809872029250457 0.14568098720292505 0.11334552102376605
2 0.8103504913162706 0.6800731261425961 0.13232689670932346 0.07678244972577701
2 0.8522337751371114 0.8487202925045705 0.11897280621572222 0.0978062157221207
2 0.7290119401279708 0.5443327239488117 0.13232689670932346 0.0722120658135283
1 0.5778679159049359 0.8665447897623401 0.4127627970749543 0.26691042047531993
2 0.5851519652650822 0.43647166361974404 0.10926074040219383 0.07038391224862892
1 0.6227862202925044 0.324497257769653 0.24037362888482586 0.2358318098720294
2 0.40487174360146255 0.37751371115173676 0.08862260054844605 0.09506398537477154
2 0.22337751371115175 0.35283363802559414 0.12140082266910422 0.08775137111517363
2 0.03702725091407679 0.3871115173674589 0.07405450182815358 0.08135283363802565
1 0.10197669104204753 0.7074954296160877 0.20395338208409505 0.13162705667276056
1 0.18513625457038388 0.5557586837294334 0.37027250914076776 0.22851919561243142
