3 0.4449340150822669 0.8601462522851919 0.0449183043875685 0.043875685557586905
3 0.8540547874771479 0.36060329067641683 0.04734632084095054 0.03747714808043881
2 0.4315799245886654 0.903107861060329 0.1517510283363802 0.15173674588665448
2 0.6695255370201096 0.7490859232175502 0.16146309414990853 0.13802559414990867
2 0.8109574954296161 0.5690127970749543 0.14082495429616088 0.11791590493601468
2 0.8285606147166362 0.3688299817184644 0.16389111060329056 0.08866544789762337
2 0.7842493144424131 0.2042961608775137 0.13839693784277884 0.09049360146252287
2 0.660420475319927 0.07861060329067643 0.13596892138939673 0.07861060329067643
1 0.21305844378427788 0.8043875685557587 0.42611688756855576 0.2906764168190128
1 0.34417133226691043 0.15447897623400367 0.4406849862888482 0.30895795246800734
2 0.0758755141681901 0.33180987202925044 0.1517510283363802 0.07312614259597808
