3 0.136272717496505 0.41773308957952465 0.024776857726637277 0.043875685557586835
3 0.7140552747607269 0.25959780621572215 0.021335627486826637 0.03473491773308961
2 0.5337348101946445 0.8199268738574039 0.14521991612001287 0.14808043875685556
2 0.8795784492956232 0.35191956124314444 0.10736638348209496 0.11151736745886652
2 0.7150876438326702 0.276508226691042 0.10048392300247343 0.09597806215722123
2 0.5657382514248844 0.2445155393053016 0.07433057317991185 0.0886654478976234
3 0.4239595655446823 0.28062157221206585 0.04680073126142595 0.032906764168190106
2 0.2670394666093128 0.32952468007312613 0.08258952575545762 0.10146252285191959
2 0.09910743090654911 0.4396709323583181 0.12388428863318639 0.10968921389396705
2 0.41432412087321213 0.2609689213893967 0.09910743090654911 0.1051188299817185
1 0.6875578019141843 0.14990859232175505 0.25878051403376695 0.26691042047532
1 0.4119152597053447 0.09460694698354662 0.15210237659963433 0.18921389396709323
