3 0.3089650936928702 0.8574040219378429 0.04977433729433269 0.025594149908592243
3 0.6100391339122485 0.7851919561243145 0.057058386654478925 0.03107861060329057
3 0.1359689213893967 0.8857404021937841 0.07284049360146254 0.025594149908592243
3 0.753899108775137 0.5164533820840951 0.03884826325411339 0.025594149908592313
3 0.49470835237659955 0.31855575868372943 0.03277822212065807 0.017367458866544786
3 0.26768881398537475 0.3176416819012797 0.07405450182815354 0.026508226691042084
3 0.03338522623400366 0.3816270566727606 0.030350205667276055 0.021023765996343754
2 0.13961094606946983 0.8793418647166362 0.12140082266910418 0.0804387568555758
2 0.29743201553930526 0.8788848263254113 0.12382883912248627 0.11060329067641689
1 0.41033478062157214 0.7550274223034735 0.32778222120658135 0.16270566727605115
2 0.4637511425959781 0.8665447897623401 0.08255255941499087 0.08043875685557594
2 0.6148951668190128 0.8021023765996343 0.1250428473491774 0.0868372943327239
2 0.7029107632541133 0.7193784277879343 0.10926074040219376 0.05850091407678249
2 0.7454010511882998 0.6247714808043875 0.07284049360146255 0.05210237659963433
2 0.737509997714808 0.5242230347349177 0.0934786334552102 0.06307129798903105
1 0.8607318327239488 0.4844606946983546 0.262225776965265 0.11517367458866545
2 0.3502413734003656 0.5525594149908593 0.11775879798903102 0.05941499085923219
2 0.0261011768738574 0.7947897623400365 0.0522023537477148 0.07586837294332724
2 0.0261011768738574 0.3903107861060329 0.0522023537477148 0.06032906764168189
1 0.13171989259597805 0.4858318098720293 0.2634397851919561 0.18738574040219377
2 0.1250428473491773 0.33775137111517367 0.06798446069469835 0.06124314442413162
2 0.25736974405850094 0.31261425959780614 0.11168875685557583 0.06764168190127971
2 0.3811985831809872 0.3071297989031078 0.07284049360146248 0.06764168190127971
2 0.5025994058500913 0.3263254113345521 0.07284049360146248 0.06398537477148082
1 0.45768110146252283 0.4401279707495429 0.2549417276051188 0.20932358318098715
2 0.6033620886654479 0.3679159049360146 0.07284049360146248 0.0521023765996344
2 0.6853076439670932 0.4351005484460695 0.05948640310786104 0.06398537477148082
1 0.9236888711151736 0.8724862888482633 0.15262225776965266 0.2513711151736746
