3 0.3083342294870416 0.7042961608775138 0.03854177868588021 0.04296160877513713
3 0.12044305839337564 0.7106946983546618 0.055059683836971726 0.04113345521023774
3 0.6799870953866008 0.6160877513711152 0.033035810302182965 0.04204753199268737
3 0.8702871276481342 0.1553930530164534 0.02959458006237213 0.02742230347349176
2 0.2986987848155716 0.7591407678244972 0.09910743090654908 0.16727605118829986
2 0.49829013872459416 0.7673674588665448 0.11562533605764067 0.18007312614259605
2 0.6830842026024304 0.6581352833638024 0.11356059791375422 0.16087751371115175
2 0.8011183998279384 0.5073126142595978 0.10048392300247329 0.12979890310786105
2 0.8668458974083234 0.3368372943327239 0.10530164533820838 0.14168190127970753
2 0.8582428218087966 0.16681901279707495 0.10598989138617043 0.09049360146252285
2 0.8086891063555222 0.03062157221206581 0.07983654156360899 0.06124314442413162
2 0.4191418432089472 0.1782449725776965 0.10736638348209482 0.10603290676416817
2 0.043359501021615225 0.05850091407678245 0.08534250994730616 0.08409506398537477
2 0.032003441230239814 0.533363802559415 0.06400688246047963 0.1288848263254114
2 0.12491665770512958 0.7052102376599635 0.09704269276266263 0.1672760511882999
1 0.14212280890418325 0.3674588665447898 0.2842456178083665 0.3930530164533821
0 0.5567910528013765 0.3354661791590494 0.5602322830411873 0.6160877513711153
