3 0.9614945155393053 0.4360146252285192 0.041276279707495436 0.03290676416819018
3 0.560264796617916 0.17915904936014626 0.02549417276051187 0.021937842778793418
3 0.11715179387568556 0.1649908592321755 0.04006227148080438 0.021023765996343667
2 0.46617915904936014 0.5484460694698354 0.13354090493601461 0.09140767824497253
2 0.9487474291590493 0.4085923217550274 0.09833466636197442 0.08043875685557587
2 0.8364516681901278 0.2947897623400366 0.09712065813528341 0.07586837294332728
2 0.6731675617001827 0.19972577696526506 0.10804673217550274 0.06489945155393048
2 0.5384126485374772 0.15904936014625232 0.11533078153564894 0.07678244972577698
2 0.33081724177330896 0.14351005484460694 0.10076268281535651 0.0822669104204753
2 0.13778993372943327 0.1736745886654479 0.12989888025594148 0.07678244972577696
2 0.9431130027422303 0.8560329067641683 0.11377399451553942 0.0978062157221207
1 0.5438756855575868 0.463436928702011 0.44189899451553927 0.21206581352833637
1 0.7496500799817184 0.7943327239488117 0.3314242458866544 0.3875685557586837
1 0.4157978176416819 0.8382084095063985 0.5038134140767824 0.25228519195612437
1 0.13111288848263253 0.7052102376599635 0.26222577696526506 0.4287020109689213
1 0.25069269881170014 0.046160877513711146 0.42126085466179153 0.09232175502742229
0 0.56512082952468 0.2897623400365631 0.5232375457038391 0.3711151736745887
