3 0.12807786791590492 0.7536563071297989 0.057058386654478974 0.021023765996343684
3 0.5032064099634369 0.6357404021937842 0.04249028793418645 0.03747714808043881
3 0.6877356604204753 0.2719378427787934 0.05463037020109681 0.02102376599634372
3 0.31685614716636196 0.029250457038391228 0.029136197440585043 0.023765996343692874
2 0.12807786791590495 0.787020109689214 0.1323268967093236 0.11882998171846439
2 0.33081724177330896 0.7477148080438758 0.10561871572212063 0.10420475319926865
2 0.5141324840036563 0.6558500914076782 0.11775879798903112 0.11608775137111507
2 0.6270352490859231 0.5434186471663619 0.1371829296160877 0.0831809872029251
2 0.1329339008226691 0.3542047531992687 0.12989888025594148 0.07038391224862892
2 0.6889496686471662 0.4195612431444241 0.13961094606946986 0.08409506398537474
2 0.6598134712065813 0.28153564899451555 0.13232689670932352 0.0822669104204753
2 0.5936500228519195 0.16453382084095064 0.09954867458866538 0.08592321755027423
2 0.47467721663619744 0.08226691042047532 0.11411677330895799 0.08592321755027423
2 0.3150351348263254 0.033363802559414985 0.06919846892138945 0.05941499085923217
2 0.14568098720292505 0.028793418647166363 0.0752685100548446 0.05758683729433273
0 0.2221635054844607 0.14990859232175502 0.4443270109689214 0.29981718464351004
1 0.07891053473491773 0.6220292504570384 0.15782106946983546 0.23674588665447885
