3 0.14384342402408862 0.4835466179159049 0.0440477470695774 0.049360146252285235
3 0.5557586837294334 0.4437842778793419 0.06951285084417677 0.07952468007312617
3 0.9883105710291429 0.653107861060329 0.02337885794171413 0.05210237659963433
2 0.10564576836218947 0.5123400365630713 0.1438434240240886 0.15630712979890313
2 0.3258845037100764 0.4159049360146252 0.09704269276266267 0.1718464351005484
2 0.55472631465749 0.3994515539305301 0.1059898913861705 0.18281535648994518
2 0.7759974190773201 0.4748628884826326 0.12181955048929993 0.20383912248628883
2 0.955963006774922 0.6640767824497257 0.08807398645015596 0.2111517367458866
1 0.7057855683406818 0.8546617915904936 0.5884288633186364 0.2906764168190128
1 0.7326379180557049 0.20201096892138942 0.42740079578449297 0.380255941499086
1 0.18961178621357136 0.2463436928702011 0.3792235724271427 0.42321755027422303
