3 0.2512997029250457 0.40950639853747717 0.05341636197440586 0.0347349177330895
3 0.7557201211151736 0.2554844606946984 0.03763425502742223 0.017367458866544824
2 0.21852148080438755 0.42504570383912255 0.13354090493601467 0.0859232175502742
2 0.45039705210237657 0.3953382084095064 0.12625685557586835 0.08318098720292497
2 0.6379613231261426 0.33775137111517367 0.10319069926873851 0.07038391224862889
1 0.7045603861974405 0.8208409506398537 0.5908792276051189 0.2650822669104204
2 0.23612460009140768 0.15127970749542963 0.10804673217550274 0.06307129798903109
2 0.7259769195612432 0.2573126142595978 0.12625685557586835 0.05941499085923216
2 0.7569341293418645 0.18647166361974407 0.10804673217550274 0.051188299817184625
2 0.7138368372943327 0.12797074954296161 0.08255255941499087 0.051188299817184646
2 0.634926302559415 0.07495429616087751 0.0752685100548446 0.045703839122486295
2 0.3963736860146252 0.02010968921389397 0.09105061700182816 0.038391224862888484
2 0.2695098263254113 0.021480804387568556 0.08498057586837295 0.04296160877513711
1 0.476498228976234 0.10329067641681902 0.18817127513711157 0.15173674588665448
1 0.12868487202925044 0.2810786106032907 0.2573697440585009 0.24771480804387566
1 0.10076268281535636 0.06398537477148077 0.20152536563071272 0.12797074954296153
1 0.8830195955210236 0.262797074954296 0.2339608089579523 0.16727605118829963
