3 0.2136654478976234 0.6691042047531994 0.04613231261425959 0.03473491773308965
3 0.6446383683729434 0.8450639853747713 0.036420246800731346 0.03747714808043881
3 0.5554087637111518 0.018281535648994516 0.04006227148080448 0.029250457038391225
3 0.8510197669104204 0.10283363802559414 0.060700411334552055 0.04661791590493602
3 0.10804673217550274 0.1809872029250457 0.03399223034734918 0.025594149908592313
3 0.016389111060329066 0.5457038391224863 0.03277822212065813 0.038391224862888505
2 0.17421018053016454 0.7029250457038391 0.16874714351005482 0.12431444241316257
2 0.3629884597806216 0.8199268738574039 0.13839693784277876 0.1279707495429615
2 0.6167161791590493 0.8738574040219379 0.15296503656307123 0.14259597806215724
2 0.8346306558500913 0.8555758683729434 0.12261483089579528 0.12979890310786105
2 0.6585994629798904 0.3711151736745887 0.1250428473491773 0.0914076782449726
2 0.043097292047531995 0.5402193784277879 0.08619458409506399 0.14259597806215724
2 0.04249028793418647 0.35968921389396713 0.08498057586837295 0.09963436928702013
2 0.07587551416819013 0.1978976234003656 0.1323268967093236 0.09414990859232172
2 0.17542418875685556 0.10054844606946983 0.12018681444241315 0.08592321755027423
2 0.3356732746800731 0.037477148080438755 0.11533078153564894 0.07495429616087751
2 0.5244515539305301 0.02102376599634369 0.12140082266910418 0.04204753199268738
2 0.6968407221206582 0.03610603290676417 0.09469264168190136 0.06307129798903108
2 0.8461637340036563 0.08820840950639855 0.10683272394881171 0.09049360146252287
2 0.975284220749543 0.1695612431444241 0.049431558500914005 0.08866544789762341
1 0.23733860831809872 0.33226691042047535 0.29014796617915906 0.35740402193784276
0 0.7136654478976234 0.5324497257769653 0.5726691042047531 0.4707495429616088
