3 0.6537434300731262 0.7065813528336381 0.035206238574040254 0.038391224862888575
3 0.7108018167276051 0.2957038391224863 0.04249028793418645 0.017367458866544786
3 0.45768110146252283 0.16590493601462522 0.03884826325411339 0.030164533820840944
3 0.1790662134369287 0.10648994515539306 0.032778222120658146 0.021023765996343684
2 0.3781635626142596 0.8478062157221206 0.1687471435100548 0.1581352833638026
2 0.11168875685557587 0.3711151736745887 0.14568098720292505 0.09689213893967093
2 0.072233489488117 0.9117915904936015 0.144466978976234 0.1764168190127971
2 0.6324982861060329 0.7047531992687385 0.15539305301645334 0.1334552102376601
2 0.7423660306215722 0.5594149908592322 0.15660706124314444 0.07678244972577701
2 0.767860203382084 0.4195612431444241 0.115330781535649 0.0804387568555758
2 0.6980547303473492 0.296617915904936 0.10440470749542953 0.08500914076782447
2 0.5978990516453382 0.2116087751371115 0.09347863345521035 0.05393053016453383
2 0.4740702125228519 0.15722120658135286 0.10319069926873851 0.07129798903107863
2 0.3174631512797075 0.11928702010968921 0.09105061700182812 0.05210237659963436
2 0.1529650365630713 0.10146252285191956 0.1238288391224863 0.04753199268738574
