2 0.49895738117001825 0.7289762340036563 0.20638139853747708 0.10511882998171843
3 0.3071440813528336 0.2755941499085923 0.0946926416819013 0.04844606946983543
3 0.7496500799817184 0.27970749542961604 0.05220235374771491 0.042047531992687404
2 0.07708952239488115 0.31992687385740404 0.14689499542961607 0.11882998171846439
2 0.2913619744058501 0.26051188299817185 0.16996115173674592 0.1261425959780621
2 0.5214165333638026 0.24817184643510054 0.12261483089579528 0.1252285191956124
2 0.9418989945155393 0.39076782449725783 0.11620201096892145 0.11608775137111514
2 0.7496500799817184 0.286563071297989 0.13475491316270563 0.10694698354661789
0 0.5730118829981719 0.4789762340036563 0.7162648537477148 0.4223034734917733
1 0.2160934643510055 0.9095063985374772 0.4249028793418647 0.18098720292504566
1 0.2100234232175503 0.06764168190127967 0.4200468464351006 0.13528336380255934
