3 0.22337751371115175 0.11654478976234003 0.050988345521023784 0.0246800731261426
3 0.9722492001828154 0.18692870201096892 0.05550159963436926 0.03199268738574041
2 0.5596577925045704 0.6846435100548446 0.20152536563071308 0.16819012797074948
2 0.23369658363802556 0.11243144424131626 0.19545532449725778 0.10237659963436929
2 0.4953153564899452 0.08318098720292504 0.18452925045703844 0.08592321755027423
2 0.7441870429616089 0.11654478976234003 0.16024908592321752 0.13071297989031078
2 0.9425059986288847 0.20155393053016454 0.11498800274223044 0.11791590493601463
1 0.9036577353747713 0.7979890310786106 0.19268452925045707 0.34003656307129804
1 0.30714408135283344 0.5562157221206582 0.6142881627056669 0.2495429616087751
1 0.44554101919561184 0.3235831809872027 0.6749885740402185 0.2705667276051189
