3 0.23813313259490268 0.513254113345521 0.022023873534788692 0.02650822669104201
3 0.47110441983008927 0.4945155393053017 0.03510054844606948 0.04753199268738577
3 0.7161200129046134 0.6211151736745887 0.019959135390902247 0.03199268738574034
2 0.02752984191848586 0.7943327239488117 0.05505968383697172 0.12248628884826332
2 0.10633401441015163 0.6398537477148081 0.06263039036455532 0.11151736745886659
2 0.216109259060114 0.5260511882998172 0.0757070652758361 0.0795246800731261
2 0.34309065490913 0.47029250457038396 0.06125389826863103 0.10694698354661795
2 0.4680073126142596 0.46526508226691043 0.0757070652758361 0.10603290676416818
2 0.596709323583181 0.520109689213894 0.059189160124744615 0.1371115173674589
2 0.7106140445209163 0.6325411334552102 0.0722658350360254 0.12797074954296156
2 0.813506828691257 0.8226691042047531 0.10186041509839767 0.14808043875685556
1 0.2450155930745241 0.39031078610603287 0.2835573717604044 0.23400365630712985
1 0.5853532637918055 0.3583180987202925 0.2525862996021077 0.24131627056672764
1 0.5371760404344552 0.760511882998172 0.34481127002903533 0.2285191956124315
