3 0.23090654909130015 0.8994515539305303 0.05987740617270678 0.0457038391224863
3 0.5154962899236477 0.8222120658135283 0.03854177868588025 0.0521023765996344
3 0.9480589310678568 0.610146252285192 0.04748897730938808 0.03382084095063988
3 0.9446177008280461 0.17321755027422303 0.026841595870523774 0.03564899451553932
2 0.23125067211528122 0.873400365630713 0.1748144961823852 0.20201096892138934
2 0.06538337455640392 0.693327239488117 0.13076674911280783 0.18921389396709323
2 0.5220346273792881 0.8871115173674589 0.1479729003118615 0.21663619744058507
2 0.7921712012044305 0.8249542961608776 0.13764920959242916 0.20201096892138948
2 0.5006989998924616 0.24131627056672764 0.09153672437896546 0.07129798903107862
2 0.7333261641036671 0.03793418647166362 0.08465426389934408 0.06124314442413163
2 0.9542423916550166 0.6494515539305301 0.09151521668996665 0.16727605118829986
2 0.9322292719647274 0.18007312614259596 0.08740724809119257 0.08226691042047532
2 0.8417249166577051 0.09414990859232177 0.06607162060436607 0.08226691042047532
0 0.6779223572427142 0.36334552102376605 0.5203140122593827 0.540219378427788
