3 0.2276265425045704 0.8350091407678245 0.04491830438756857 0.02650822669104201
3 0.5894009940585009 0.7143510054844608 0.0449183043875685 0.030164533820840944
3 0.7162648537477148 0.3811700182815356 0.03884826325411339 0.018281535648994592
3 0.3884826325411334 0.17001828153564902 0.03399223034734916 0.014625228519195623
3 0.09469264168190131 0.18829981718464356 0.05584437842778793 0.021937842778793425
3 0.018817127513711146 0.8875685557586838 0.03763425502742229 0.02010968921389406
2 0.23005455895795246 0.8665447897623401 0.12989888025594148 0.11151736745886652
2 0.43340093692870196 0.8340950639853747 0.12625685557586835 0.09963436928701995
2 0.5997200639853747 0.7372029250457038 0.10926074040219383 0.0978062157221207
2 0.7041247714808043 0.636654478976234 0.1238288391224863 0.08318098720292504
2 0.7369029936014624 0.513254113345521 0.1116887568555758 0.07221206581352839
2 0.7023037591407677 0.3875685557586837 0.11047474862888479 0.062157221206581355
2 0.6373543190127972 0.2902193784277879 0.09226462522851911 0.06672760511882996
2 0.5287005827239488 0.22074954296160879 0.10319069926873858 0.05575868372943326
2 0.24219464122486287 0.45795246800731265 0.1541790447897623 0.06581352833638021
2 0.05098834552102376 0.8779707495429616 0.10197669104204753 0.08500914076782451
2 0.24280164533820836 0.1636197440585009 0.08012454296160879 0.058500914076782456
2 0.3860546160877514 0.17276051188299818 0.08255255941499087 0.06946983546617917
2 0.08498057586837295 0.17595978062157222 0.09469264168190128 0.06672760511883
1 0.35145538162705664 0.7116087751371115 0.3799845749542961 0.17093235831809864
1 0.35266938985374763 0.30118829981718465 0.3120001142595978 0.20383912248628885
1 0.8340236517367456 0.34186471663619694 0.27436585923217616 0.2084095063985373
