3 0.377556558500914 0.9159049360146253 0.03884826325411332 0.04204753199268751
2 0.3811985831809872 0.8971663619744058 0.15053702010968922 0.13985374771480807
2 0.6737745658135283 0.9149908592321756 0.16753313528336378 0.13162705667276056
2 0.8929030507312615 0.8615173674588666 0.16146309414990853 0.1288848263254114
2 0.12018681444241316 0.8002742230347348 0.17724520109689212 0.13619744058500913
2 0.5948640310786105 0.35694698354661797 0.14568098720292505 0.13436928702010967
2 0.09590664990859231 0.025137111517367458 0.15296503656307128 0.050274223034734916
2 0.9224748628884827 0.01873857404021938 0.15505027422303472 0.03747714808043876
1 0.8532763939670932 0.526508226691042 0.29344721206581353 0.41133455210237657
0 0.3775565585009141 0.39808043875685556 0.7478290676416819 0.5402193784277878
