3 0.2974320155393053 0.7883912248628886 0.04613231261425959 0.03747714808043881
3 0.7884983432358318 0.5781535648994516 0.04734632084095068 0.030164533820840944
3 0.7108018167276051 0.24040219378427785 0.02549417276051187 0.018281535648994554
3 0.45282506855575877 0.13208409506398536 0.04613231261425959 0.03382084095063984
3 0.16389111060329067 0.0959780621572212 0.03642024680073126 0.023765996343692867
2 0.05584437842778793 0.7989031078610602 0.11168875685557586 0.14076782449725783
2 0.27618687157221206 0.8126142595978062 0.13475491316270571 0.11517367458866545
2 0.47771223720292505 0.7819926873857403 0.11047474862888479 0.1234003656307128
2 0.6616344835466178 0.7120658135283364 0.12382883912248638 0.11700182815356484
2 0.7696812157221206 0.5776965265082268 0.15053702010968933 0.08043875685557587
2 0.8024594378427787 0.4606946983546618 0.1238288391224863 0.06398537477148082
2 0.27982889625228524 0.3811700182815356 0.12504284734917737 0.07495429616087755
2 0.7800002856489945 0.34643510054844606 0.08376656764168189 0.07129798903107865
2 0.7010897509140768 0.2422303473491773 0.07405450182815358 0.07495429616087751
2 0.5948640310786105 0.1649908592321755 0.08012454296160876 0.06672760511882998
2 0.45828810557586835 0.12065813528336382 0.09105061700182823 0.06764168190127971
2 0.29803901965265084 0.09140767824497256 0.0934786334552102 0.0676416819012797
2 0.13961094606946983 0.0959780621572212 0.1044047074954296 0.054844606946983544
1 0.8781635626142597 0.7824497257769653 0.2436728747714808 0.20292504570383912
1 0.7696812157221206 0.16453382084095064 0.32778222120658135 0.1444241316270567
1 0.5669418418647166 0.042504570383912255 0.2160934643510055 0.08500914076782451
0 0.3356732746800731 0.5077696526508226 0.5839379570383911 0.41590493601462514
