3 0.13171989259597805 0.9392138939670932 0.0546303702010969 0.06489945155393045
3 0.3957666819012797 0.47623400365630714 0.04613231261425959 0.038391224862888505
3 0.9056501371115173 0.3487202925045704 0.04370429616087762 0.02650822669104201
2 0.15478604890310785 0.9177330895795247 0.16146309414990856 0.14990859232175496
2 0.2112374314442413 0.6796160877513711 0.2136654478976234 0.1416819012797076
2 0.3411363117001828 0.4945155393053017 0.1505370201096892 0.11334552102376598
2 0.4995643852833638 0.3816270566727606 0.1250428473491773 0.11974405850091407
2 0.6980547303473492 0.33318098720292505 0.12382883912248638 0.11060329067641686
2 0.8728719149908593 0.33272394881170014 0.12140082266910411 0.0968921389396709
2 0.9117201782449726 0.8217550274223036 0.13354090493601448 0.12431444241316257
1 0.4892453153564898 0.7308043875685556 0.378770566727605 0.4689213893967097
