3 0.13317561028067534 0.8130712979890311 0.05024196150123668 0.0521023765996344
3 0.6731046349069791 0.5475319926873857 0.03028282611033447 0.04570383912248623
2 0.1066781374341327 0.8537477148080438 0.1114958597698677 0.1718464351005484
2 0.30592536831917405 0.8510054844606947 0.11631358210560276 0.20109689213893958
2 0.49588127755672656 0.7468007312614259 0.10530164533820845 0.1828153564899452
2 0.21782987418001934 0.15585009140767825 0.10943112162598126 0.1252285191956124
2 0.6558984837079257 0.5489031078610602 0.12663727282503495 0.14533820840950631
2 0.7316055489837617 0.32495429616087745 0.132143241208732 0.12888482632541134
2 0.7412409936552317 0.12431444241316271 0.10874287557801907 0.16087751371115175
0 0.37234111194752123 0.3569469835466179 0.5726207119045058 0.7138939670932358
