3 0.05038134140767824 0.576782449725777 0.04249028793418647 0.05301645338208409
1 0.7506926988117002 0.8025594149908593 0.4986146023765996 0.3948811700182815
2 0.2658678016453382 0.48994515539305306 0.13111288848263258 0.08775137111517367
2 0.40122971892138937 0.3793418647166362 0.13232689670932352 0.07495429616087755
2 0.4255098834552102 0.2582266910420475 0.12989888025594148 0.06672760511882996
2 0.0491673331809872 0.5964351005484461 0.0983346663619744 0.10877513711151736
2 0.39698069012797077 0.17047531992687387 0.11168875685557587 0.05393053016453384
2 0.3217121800731262 0.11014625228519195 0.0946926416819013 0.04113345521023763
2 0.19181329981718462 0.05758683729433273 0.08012454296160881 0.047531992687385734
1 0.6112531421389397 0.22897623400365633 0.39455267367458857 0.15813528336380256
1 0.10319069926873854 0.12842778793418647 0.20638139853747708 0.20749542961608775
