3 0.23733860831809872 0.9149908592321755 0.04734632084095061 0.03656307129798904
3 0.7636111745886655 0.8222120658135283 0.03884826325411325 0.03382084095063988
3 0.8595178244972579 0.45703839122486284 0.02185214808043881 0.01828153564899445
3 0.6725605575868372 0.2842778793418647 0.041276279707495436 0.03473491773308957
3 0.41336980118829986 0.18144424131627054 0.04006227148080448 0.022851919561243186
2 0.40062271480804384 0.9419561243144424 0.11168875685557587 0.10694698354661795
2 0.5924360146252284 0.9117915904936015 0.12382883912248638 0.09963436928702009
2 0.20456038619744057 0.9291590493601461 0.144466978976234 0.10146252285191949
2 0.38726862431444237 0.5201096892138941 0.12868487202925039 0.08409506398537481
2 0.05098834552102376 0.8569469835466179 0.10197669104204753 0.11243144424131643
2 0.7423660306215721 0.8158135283363802 0.10319069926873851 0.09414990859232177
2 0.05584437842778793 0.23903107861060327 0.10926074040219377 0.0813528336380256
2 0.21973548903107862 0.18829981718464353 0.10926074040219376 0.07861060329067644
2 0.38362659963436924 0.17184643510054845 0.11654478976234003 0.07312614259597806
2 0.5402336608775137 0.20155393053016454 0.09712065813528341 0.08318098720292504
2 0.6780235946069468 0.270109689213894 0.08133855118829977 0.08318098720292508
2 0.783035306215722 0.3473491773308958 0.08740859232175495 0.07495429616087751
2 0.8558757998171845 0.45840950639853745 0.07769652650822664 0.07586837294332717
2 0.8759069355575868 0.5914076782449726 0.08133855118829984 0.10237659963436933
2 0.8382726805301646 0.7111517367458867 0.1323268967093236 0.0840950639853746
