3 0.272544846892139 0.7650822669104206 0.04006227148080438 0.038391224862888575
3 0.06070041133455211 0.7376599634369287 0.04370429616087753 0.03107861060329057
3 0.6464593807129799 0.7742230347349178 0.0376342550274223 0.031078610603290712
3 0.909899165904936 0.5196526508226691 0.040062271480804414 0.030164533820840944
3 0.7144438414076782 0.25822669104204754 0.03520623857404033 0.017367458866544786
3 0.21184443555758684 0.21983546617915906 0.018210123400365638 0.030164533820840944
3 0.4655721549360146 0.21206581352833637 0.04734632084095061 0.02376599634369292
2 0.26101176873857407 0.7929616087751371 0.12382883912248634 0.11425959780621582
2 0.4394709780621572 0.8331809872029251 0.09226462522851918 0.11060329067641689
2 0.0783035306215722 0.7298903107861061 0.10804673217550274 0.1087751371115175
1 0.2173074725776965 0.5850091407678245 0.3156421389396709 0.27970749542961615
2 0.4546460808957952 0.44881170018281535 0.10804673217550274 0.05301645338208402
1 0.2519067070383912 0.3217550274223035 0.3484203610603291 0.21206581352833642
0 0.5408406649908589 0.3322669104204753 0.37998457495429583 0.2842778793418647
2 0.6409963436928702 0.803016453382084 0.1311128884826325 0.11791590493601475
2 0.7854633226691041 0.7376599634369287 0.08255255941499072 0.09140767824497247
2 0.8759069355575868 0.6343692870201096 0.10076268281535647 0.08775137111517367
2 0.8868330095978061 0.5255941499085922 0.12018681444241323 0.07129798903107862
2 0.8752999314442412 0.42367458866544794 0.10197669104204748 0.06124314442413158
2 0.06494944012797074 0.28473491773308957 0.10561871572212064 0.06855575868372941
2 0.19181329981718462 0.21937842778793418 0.10926074040219376 0.047531992687385734
2 0.32474720063985374 0.19789762340036565 0.08133855118829982 0.05758683729433273
2 0.4631441384826326 0.1974405850091408 0.086194584095064 0.06398537477148078
2 0.5936500228519195 0.22349177330895795 0.06555644424131621 0.06307129798903105
2 0.7035177673674589 0.263254113345521 0.08133855118829984 0.058500914076782456
2 0.8048874542961609 0.3308957952468007 0.0849805758683729 0.07861060329067641
1 0.160856090036563 0.06992687385740398 0.23187557129798894 0.13985374771480796
1 0.4716421960694698 0.0836380255941499 0.2561557358318097 0.13619744058500913
