3 0.4449340150822669 0.5338208409506399 0.0449183043875685 0.02376599634369292
3 0.765432186928702 0.4552102376599635 0.06677045246800731 0.031078610603290643
1 0.24219464122486287 0.24771480804387572 0.31442813071297987 0.22486288848263258
1 0.6840936357404022 0.23948811700182815 0.3338522623400365 0.19195612431444245
2 0.2500856946983547 0.8852833638025595 0.18452925045703844 0.09963436928702024
2 0.2865059414990859 0.6910420475319927 0.14325297074954293 0.10054844606946972
2 0.9080781535648994 0.8688299817184644 0.13354090493601461 0.09963436928702009
2 0.41519081352833637 0.5470749542961609 0.13111288848263258 0.09780621572212063
2 0.5784749200182815 0.4757769652650822 0.12018681444241316 0.0941499085923217
2 0.7551131170018283 0.4382998171846435 0.09954867458866547 0.08866544789762344
2 0.9086851576782451 0.4392138939670933 0.08619458409506407 0.08135283363802565
1 0.5705838665447898 0.7390310786106034 0.4200468464351006 0.3263254113345522
0 0.843564328153565 0.6371115173674589 0.3128713436928702 0.35100548446069474
