3 0.6792988493386386 0.43098720292504566 0.042671254973653136 0.03747714808043874
3 0.27805140337670714 0.06444241316270567 0.023400365630712974 0.0246800731261426
2 0.08809549413915475 0.7193784277879343 0.1500376384557479 0.13345521023765997
2 0.6665662974513389 0.4670932358318099 0.16036132917518017 0.1462522851919561
2 0.7157758898806325 0.7573126142595978 0.1348962254005808 0.16727605118829986
2 0.5753736960963545 0.24680073126142596 0.10461339929024632 0.15173674588665448
2 0.4446069469835466 0.13208409506398539 0.11424884396171628 0.12522851919561245
2 0.2763307882568018 0.07129798903107862 0.07914829551564687 0.11151736745886655
2 0.1170018281535649 0.09232175502742229 0.09222497042692762 0.10237659963436929
1 0.6971932465856543 0.046160877513711146 0.3248521346381331 0.09232175502742229
0 0.29181632433594995 0.7550274223034734 0.5836326486718999 0.48994515539305267
1 0.9236154425207005 0.5036563071297985 0.1527691149585968 0.5978062157221202
