3 0.18877827925045704 0.9593235831809872 0.04491830438756857 0.04478976234003653
3 0.01760311928702011 0.7312614259597807 0.027922189213893965 0.0566727605118831
3 0.33445926645338203 0.33866544789762343 0.035206238574040184 0.03199268738574041
3 0.8783349520109689 0.2280621572212066 0.035206238574040184 0.017367458866544824
2 0.11957981032906762 0.9588665447897623 0.20759540676416816 0.08226691042047535
2 0.9297589122486289 0.6558500914076782 0.14048217550274217 0.13254113345521026
2 0.0576653907678245 0.7134369287020104 0.11533078153564899 0.1691042047531996
2 0.13718292961608775 0.4995429616087752 0.1990973491773309 0.10146252285191956
2 0.2980390196526508 0.350091407678245 0.15417904478976233 0.08957952468007317
2 0.4425059986288848 0.2687385740402194 0.10076268281535647 0.08409506398537474
2 0.6422103519195612 0.2303473491773309 0.12382883912248616 0.08592321755027424
2 0.8425217093235833 0.21937842778793418 0.13354090493601448 0.07129798903107858
