3 0.38301959552102377 0.5658135283363802 0.035206238574040184 0.025594149908592385
3 0.693198697440585 0.5420475319926874 0.043704296160877475 0.029250457038391246
2 0.7800002856489945 0.9337294332723949 0.18088722577696528 0.11608775137111521
2 0.07284049360146252 0.8258683729433273 0.14325297074954296 0.09963436928702009
2 0.19545532449725778 0.673217550274223 0.13839693784277876 0.07586837294332717
2 0.3502413734003656 0.576782449725777 0.13232689670932354 0.07312614259597815
2 0.5153464922303473 0.5329067641681902 0.09590664990859238 0.06946983546617921
2 0.6853076439670932 0.5315356489945156 0.1056187157221207 0.06855575868372937
2 0.8589108203839123 0.5457038391224863 0.09105061700182816 0.06398537477148075
1 0.44007798217550276 0.7358318098720292 0.4431130027422304 0.32358318098720296
0 0.48924531535648996 0.20749542961608775 0.3399223034734918 0.14990859232175502
1 0.9133698011882998 0.7262340036563072 0.17326039762340045 0.2623400365630713
