3 0.4752842207495429 0.8459780621572212 0.04249028793418645 0.03382084095063988
3 0.9323583180987203 0.6823583180987203 0.041276279707495436 0.02833638025594155
3 0.14750199954296161 0.7381170018281538 0.02792218921389398 0.03930530164533821
3 0.01214008226691042 0.35237659963436924 0.02428016453382084 0.03199268738574041
3 0.6573854547531992 0.1723034734917733 0.03763425502742244 0.03199268738574039
3 0.3708795132541132 0.12797074954296161 0.04491830438756857 0.02925045703839121
3 0.9117201782449726 0.31444241316270566 0.029136197440585078 0.02376599634369285
2 0.27072383455210236 0.8331809872029251 0.10926074040219376 0.10146252285191949
2 0.4534320726691042 0.8583180987202925 0.08619458409506393 0.1042047531992688
2 0.6312842778793418 0.8500914076782451 0.10683272394881178 0.093235831809872
2 0.7860703267824496 0.7851919561243145 0.10319069926873865 0.09140767824497247
2 0.906257141224863 0.6791590493601463 0.1056187157221207 0.08409506398537481
2 0.12261483089579524 0.7545703839122487 0.1044047074954296 0.09963436928702024
2 0.47831924131627057 0.46983546617915906 0.1116887568555758 0.07861060329067648
2 0.9105061700182816 0.3153564899451554 0.08255255941499087 0.08409506398537477
2 0.8097434872029251 0.21937842778793418 0.08255255941499072 0.0822669104204753
2 0.6658835123400365 0.15676416819012798 0.11047474862888493 0.09049360146252283
2 0.5086694469835465 0.12248628884826326 0.0849805758683729 0.08592321755027424
2 0.3417433158135283 0.12477148080438756 0.12747086380255937 0.0776965265082267
2 0.1796732175502742 0.18007312614259596 0.09954867458866545 0.0877513711151737
2 0.05280935786106033 0.26919561243144424 0.10076268281535648 0.08500914076782451
2 0.020031135740402193 0.6499085923217549 0.040062271480804386 0.0914076782449726
2 0.9540390767824496 0.5589579524680073 0.09192184643510061 0.08135283363802558
2 0.9613231261425961 0.43692870201096895 0.07735374771480806 0.08043875685557587
2 0.020031135740402193 0.3711151736745887 0.040062271480804386 0.07861060329067641
