3 0.18032046456608236 0.5383912248628885 0.03165931820625875 0.051188299817184625
3 0.3744058500914077 0.12340036563071298 0.02340036563071294 0.04021937842778794
3 0.6004946768469728 0.05758683729433273 0.046112485213463825 0.03473491773308957
3 0.8523927304011184 0.06535648994515539 0.024088611678675136 0.02102376599634369
2 0.2250564576836219 0.853290676416819 0.15003763845574794 0.159963436928702
2 0.1672437896548016 0.5772394881170019 0.11562533605764061 0.159963436928702
2 0.17584686525432844 0.4017367458866545 0.0915367243789655 0.10694698354661795
2 0.24880094633831595 0.2422303473491773 0.08603075599526833 0.0859232175502742
2 0.34137003978922464 0.12979890310786105 0.07846004946768474 0.0822669104204753
2 0.4676631895902786 0.06992687385740401 0.07639531132379823 0.07952468007312613
2 0.5905151091515216 0.037477148080438755 0.07157758898806328 0.0676416819012797
2 0.7181847510485 0.036563071297989025 0.06951285084417677 0.0712979890310786
2 0.8496397462092697 0.07404021937842778 0.06813635874825252 0.07129798903107859
2 0.9721367889020326 0.13574040219378428 0.055726422195935044 0.07952468007312613
2 0.7064845682331434 0.40493601462522855 0.12181955048929993 0.09506398537477154
1 0.4077857834175719 0.6339122486288846 0.3888590170986129 0.5127970749542956
1 0.25705989891386166 0.43098720292504566 0.0034412302398107286 0.0009140767824497686
1 0.8207334121948595 0.037477148080438755 0.1989031078610603 0.07495429616087752
0 0.7945693085277986 0.6243144424131627 0.41086138294440266 0.7513711151736746
