3 0.022459152193784276 0.8350091407678245 0.04491830438756855 0.03382084095063988
3 0.22398451782449727 0.42733089579524713 0.04491830438756854 0.03199268738574036
3 0.5280935786106034 0.3542047531992688 0.05827239488117003 0.030164533820840885
3 0.8461637340036563 0.3738574040219379 0.029136197440585078 0.031078610603290643
2 0.6470663848263254 0.7180073126142597 0.18695726691042047 0.119744058500914
2 0.04188328382084095 0.8665447897623401 0.0837665676416819 0.12614259597806224
2 0.03642024680073127 0.7116087751371115 0.07284049360146254 0.08866544789762344
2 0.08012454296160877 0.5571297989031079 0.15782106946983546 0.08866544789762337
2 0.188778279250457 0.44332723948811703 0.12989888025594146 0.08957952468007313
2 0.35449040219378425 0.3743144424131627 0.10440470749542964 0.06855575868372946
2 0.5189885169104205 0.343235831809872 0.11047474862888479 0.09232175502742229
2 0.6822726234003657 0.34095063985374774 0.10197669104204748 0.07678244972577698
2 0.8443427216636198 0.3820840950639854 0.11047474862888479 0.07861060329067648
2 0.9661791590493601 0.44652650822669104 0.06764168190127975 0.06672760511883005
1 0.5778679159049357 0.519652650822669 0.3569184186471658 0.24040219378427782
1 0.7966536220292503 0.9177330895795248 0.4066927559414989 0.16453382084095022
0 0.4188328382084095 0.21389396709323585 0.5341636197440586 0.26508226691042047
1 0.7988174131627056 0.529707495429616 0.39091064899451555 0.2404021937842778
