3 0.5860415098397677 0.5329067641681902 0.028218087966448095 0.06032906764168189
3 0.2546510377459942 0.29021937842778794 0.06056565222066887 0.05941499085923219
2 0.08396601785138187 0.23857404021937842 0.08947198623507903 0.12248628884826324
2 0.2639423593934832 0.25685557586837293 0.08878374018711693 0.16636197440585004
2 0.43565974836003873 0.3446069469835466 0.11424884396171635 0.17001828153564896
2 0.5870738789117109 0.5521023765996343 0.10186041509839776 0.2084095063985375
2 0.6961608775137111 0.8546617915904936 0.1287020109689214 0.2266910420475321
1 0.2467362081944295 0.7431444241316271 0.48383697171738904 0.3583180987202925
1 0.4384127325518874 0.15310786106032906 0.34274653188514903 0.3062157221206581
1 0.07708355737176041 0.08546617915904936 0.15416711474352082 0.17093235831809872
