3 0.28893395795246796 0.6791590493601463 0.04370429616087751 0.04021937842778812
3 0.7253699154478978 0.6997257769652652 0.03763425502742237 0.030164533820840944
3 0.05159534963436929 0.6521937842778793 0.04977433729433273 0.03930530164533821
3 0.7891053473491774 0.13117001828153568 0.03642024680073121 0.021023765996343702
2 0.27922189213893966 0.7157221206581353 0.1553930530164534 0.15356489945155383
2 0.494101348263254 0.7609689213893966 0.11411677330895792 0.12888482632541126
2 0.7120158249542962 0.7207495429616089 0.1323268967093236 0.13985374771480807
2 0.8813699725776964 0.6512797074954295 0.12868487202925052 0.10329067641681902
2 0.07344749771480803 0.6489945155393053 0.13961094606946983 0.12797074954296164
2 0.4965293647166362 0.3331809872029251 0.12625685557586835 0.06855575868372946
2 0.9613231261425961 0.3071297989031078 0.07735374771480806 0.06581352833638021
2 0.9680001713893966 0.5466179159049359 0.06399965722120654 0.08957952468007313
2 0.9020081124314442 0.21252285191956127 0.1116887568555758 0.06855575868372941
2 0.3393152993601462 0.054844606946983544 0.07891053473491777 0.0712979890310786
2 0.04734632084095064 0.14716636197440586 0.09469264168190128 0.0676416819012797
2 0.49713636882998175 0.05118829981718464 0.08862260054844605 0.0676416819012797
2 0.652529421846435 0.08546617915904936 0.08133855118829977 0.0776965265082267
2 0.7836423103290676 0.12705667276051189 0.09105061700182816 0.07678244972577698
1 0.22337751371115167 0.46937842778793426 0.3569184186471663 0.32084095063985374
1 0.22701953839122488 0.1764168190127971 0.3520623857404022 0.24131627056672764
0 0.5639068212979891 0.19424131627056673 0.5135254798903108 0.3482632541133455
