3 0.253618668674051 0.7088665447897623 0.043359501021615225 0.053930530164533794
3 0.5203140122593828 0.3450639853747715 0.020647381438864444 0.024680073126142545
2 0.23950962469082696 0.7509140767824496 0.12663727282503495 0.1928702010968921
2 0.4298096569523605 0.5955210237659962 0.1176900742015271 0.119744058500914
2 0.512743305731799 0.4602376599634369 0.09910743090654904 0.09049360146252283
2 0.5062049682761587 0.3551188299817184 0.08740724809119257 0.06307129798903112
2 0.46869555866222173 0.27787934186471663 0.07020109689213903 0.06946983546617914
2 0.39023550919453703 0.22349177330895792 0.08396601785138187 0.07038391224862889
2 0.3011076459834391 0.19195612431444242 0.06125389826863106 0.062157221206581355
2 0.19305301645338208 0.1782449725776965 0.052994945693085285 0.043875685557586815
2 0.07811592644370363 0.17778793418647168 0.07777180341972255 0.055758683729433295
2 0.04473599311753953 0.35968921389396713 0.08947198623507906 0.06124314442413166
1 0.11906656629745133 0.09872029250457037 0.12663727282503495 0.1535648994515539
1 0.29594580062372294 0.12065813528336382 0.20372083019679532 0.14990859232175502
1 0.5705559737606195 0.20383912248628883 0.206473814388644 0.1919561243144424
1 0.7347026561995914 0.4478976234003656 0.24708033121841055 0.2778793418647166
0 0.20888267555651144 0.4542961608775137 0.41776535111302293 0.4149908592321755
