1 0.2561557358318099 0.21526508226691043 0.318070155393053 0.23491773308957956
1 0.6343192984460694 0.23903107861060327 0.30471606489945147 0.2111517367458866
0 0.7731518510054844 0.61654478976234 0.4536962979890311 0.3683729433272394
2 0.6889496686471662 0.7925045703839123 0.13961094606946986 0.08226691042047535
2 0.08619458409506399 0.9049360146252287 0.1699611517367459 0.15539305301645343
2 0.10076268281535651 0.7372029250457038 0.16267710237659966 0.11608775137111521
2 0.1790662134369287 0.576782449725777 0.12747086380255937 0.10237659963436933
2 0.3241401965265082 0.4725776965265082 0.13839693784277876 0.08775137111517367
2 0.4856032906764167 0.420018281535649 0.0946926416819013 0.09232175502742229
2 0.6458523765996343 0.406764168190128 0.12140082266910418 0.09506398537477147
2 0.8006384255027421 0.4328153564899452 0.10076268281535647 0.09780621572212063
2 0.9517824497257769 0.486745886654479 0.09226462522851918 0.08318098720292504
1 0.39515967778793426 0.6471663619744059 0.3824125914076783 0.3272394881170019
