3 0.3302102376599634 0.7783363802559415 0.043704296160877475 0.03382084095063988
3 0.909899165904936 0.936471663619744 0.05463037020109695 0.050274223034735
3 0.09347863345521024 0.6773308957952469 0.05341636197440586 0.04021937842778797
3 0.1644981147166362 0.3912248628884826 0.025494172760511892 0.01828153564899445
2 0.29014796617915906 0.8185557586837294 0.1893852833638026 0.15630712979890318
2 0.5469107061243145 0.9264168190127967 0.16389111060329062 0.14716636197440647
2 0.10440470749542963 0.6677330895795248 0.13354090493601464 0.11608775137111521
2 0.8825839808043875 0.9446983546617915 0.15296503656307137 0.11060329067641689
2 0.7077667961608776 0.4734917733089579 0.11654478976234003 0.06581352833638021
2 0.07891053473491773 0.5187385740402193 0.14325297074954293 0.06489945155393052
2 0.14082495429616088 0.406764168190128 0.14082495429616088 0.06764168190127968
2 0.21852148080438755 0.33638025594149906 0.08740859232175502 0.06032906764168192
2 0.33688728290676423 0.28793418647166363 0.10319069926873858 0.05301645338208413
2 0.6270352490859232 0.2623400365630713 0.07162648537477147 0.05667276051188299
1 0.7642181787020096 0.27559414990859255 0.07405450182815297 0.03930530164533832
2 0.9086851576782451 0.3075868372943327 0.07891053473491766 0.044789762340036565
1 0.39212465722120654 0.5516453382084094 0.3035020566727605 0.3427787934186471
1 0.5001713893967092 0.32038391224862894 0.28164990859232175 0.19104204753199272
1 0.5110974634369286 0.17230347349177333 0.1796732175502742 0.1343692870201097
1 0.8103504913162706 0.21069469835466179 0.2585837522851919 0.12157221206581355
0 0.7972606261425961 0.38345521023766 0.4054787477148081 0.31535648994515536
