3 0.3733075297074954 0.005941499085923218 0.027922189213893986 0.011882998171846435
3 0.05584437842778794 0.6489945155393053 0.03642024680073127 0.038391224862888436
3 0.9560314785191956 0.21755027422303472 0.035206238574040184 0.027422303473491744
3 0.6865216521937841 0.07449725776965266 0.052202353747714626 0.04296160877513712
2 0.20456038619744057 0.7847349177330897 0.15175102833638027 0.12888482632541126
2 0.46132312614259596 0.8254113345521022 0.13354090493601461 0.15173674588665464
2 0.043097292047531995 0.6791590493601463 0.08619458409506399 0.1224862888482631
1 0.09712065813528337 0.3436928702010965 0.19424131627056673 0.35466179159049316
2 0.48621029478976235 0.34003656307129804 0.14446697897623395 0.08957952468007313
2 0.6956267138939671 0.8098720292504571 0.11411677330895806 0.13345521023765997
2 0.880762968464351 0.7349177330895796 0.1201868144424131 0.11882998171846439
2 0.9667861631627056 0.600091407678245 0.06642767367458874 0.09049360146252283
2 0.9463194127056673 0.21846435100548445 0.0813385511882997 0.0859232175502742
2 0.8303816270566727 0.12751371115173676 0.08012454296160883 0.06307129798903106
2 0.6907706809872028 0.06215722120658135 0.08740859232175495 0.0822669104204753
2 0.5293075868372944 0.02330895795246801 0.09712065813528334 0.04661791590493602
2 0.16510511882998175 0.0429616087751371 0.09954867458866547 0.06946983546617914
2 0.035813242687385734 0.11882998171846434 0.07162648537477147 0.08957952468007312
2 0.3538833980804387 0.01279707495429616 0.14932301188299818 0.02559414990859232
0 0.549945726691042 0.4926873857404023 0.6215722120658136 0.45521023765996355
1 0.9236888711151736 0.1256855575868373 0.15262225776965266 0.15813528336380256
