3 0.7860703267824496 0.5680987202925045 0.06191441956124308 0.03930530164533828
3 0.880762968464351 0.24588665447897626 0.04734632084095068 0.06215722120658139
2 0.29864602376599636 0.7719378427787934 0.16024908592321754 0.1617915904936015
2 0.5614788048446069 0.7006398537477148 0.17603119287020108 0.12705667276051194
2 0.7575411334552103 0.5662705667276051 0.1772452010968921 0.0978062157221207
2 0.8777279478976234 0.40767824497257776 0.13111288848263258 0.08043875685557587
2 0.9208252399451554 0.24588665447897626 0.1517510283363802 0.07678244972577698
2 0.8868330095978061 0.08500914076782451 0.1541790447897624 0.07312614259597806
1 0.708373800274223 0.37477148080438755 0.36784449268738567 0.41133455210237657
1 0.3453853404936014 0.46206581352833637 0.5790819241316271 0.236745886654479
1 0.2992530278793418 0.07586837294332723 0.5305215950639853 0.15173674588665448
2 0.22094949725776963 0.1535648994515539 0.12625685557586838 0.09689213893967091
1 0.1881712751371115 0.243144424131627 0.376342550274223 0.25959780621572215
