3 0.4421980858156791 0.5749542961608775 0.05574792988493385 0.06032906764168196
3 0.7959565544682223 0.8496343692870201 0.029594580062372415 0.050274223034735
3 0.10358103021830305 0.5411334552102376 0.043359501021615225 0.03656307129798911
2 0.258436391009786 0.5127970749542962 0.08327777180341975 0.15539305301645334
2 0.451145284439187 0.5420475319926874 0.08465426389934408 0.15539305301645343
2 0.6290568878374019 0.653107861060329 0.10048392300247343 0.1928702010968921
2 0.7959565544682223 0.8633455210237659 0.10530164533820838 0.1855575868372945
2 0.07123346596408214 0.546617915904936 0.1218195504892999 0.11517367458866545
1 0.6380040864609098 0.4236745886654479 0.37715883428325625 0.3683729433272394
1 0.17378212711044194 0.356489945155393 0.3475642542208839 0.3308957952468007
