3 0.6367473148994516 0.7531992687385741 0.03520623857404033 0.021937842778793452
3 0.7557201211151736 0.4753199268738574 0.05463037020109681 0.043875685557586835
3 0.7192998743144423 0.22577696526508226 0.04734632084095068 0.03656307129798904
3 0.2834709209323583 0.02010968921389397 0.030350205667276066 0.018281535648994516
2 0.1966693327239488 0.8944241316270566 0.15296503656307128 0.12340036563071308
2 0.4127627970749543 0.8523765996343693 0.14325297074954293 0.11060329067641675
2 0.6264282449725777 0.7627970749542962 0.13354090493601453 0.0758683729433271
2 0.7332609689213894 0.6147166361974405 0.11411677330895785 0.0813528336380255
2 0.7866773308957952 0.476691042047532 0.13354090493601475 0.07769652650822671
2 0.7860703267824496 0.34506398537477145 0.13718292961608783 0.08500914076782447
2 0.7023037591407677 0.20521023765996343 0.09105061700182816 0.07038391224862892
2 0.5748328953382084 0.11014625228519197 0.11047474862888486 0.08866544789762341
2 0.4060857518281536 0.03610603290676417 0.10076268281535654 0.05210237659963437
2 0.2531207152650823 0.016910420475319925 0.11775879798903105 0.03382084095063985
2 0.048560329067641676 0.028336380255941505 0.07769652650822668 0.05667276051188301
2 0.21305844378427785 0.37751371115173676 0.12018681444241315 0.09506398537477154
1 0.26890282221206585 0.6425959780621572 0.4601091179159049 0.19744058500914072
1 0.5948640310786105 0.596892138939671 0.2646537934186471 0.3583180987202925
1 0.29803901965265084 0.2883912248628885 0.49895738117001825 0.18007312614259596
0 0.2962180073126142 0.13939670932358317 0.5171675045703839 0.27879341864716634
1 0.162070098263254 0.45886654478976197 0.324140196526508 0.23034734917733027
