3 0.47523389611786215 0.7550274223034735 0.050241961501236644 0.06764168190127975
3 0.36442628239595654 0.46937842778793415 0.03785353263791805 0.06307129798903105
3 0.6087536294225185 0.14213893967093236 0.03647704054199373 0.033820840950639856
2 0.41673298204107967 0.8016453382084094 0.1823852027099688 0.22669104204753196
2 0.3974620926981396 0.5018281535648994 0.14384342402408856 0.2102376599634369
2 0.4738574040219379 0.2760511882998172 0.13145499516077003 0.13162705667276048
2 0.5757178191203355 0.14579524680073128 0.11356059791375415 0.09414990859232177
2 0.6965050005376923 0.10009140767824498 0.08809549413915477 0.10694698354661793
2 0.8272717496505001 0.0726691042047532 0.07846004946768474 0.09597806215722121
2 0.9621572212065814 0.07678244972577696 0.07568555758683729 0.07678244972577696
1 0.38404129476287774 0.14716636197440586 0.2973222927196472 0.2943327239488117
