3 0.5560157678244972 0.669561243144424 0.06798446069469839 0.06672760511882998
3 0.07708952239488116 0.5027422303473492 0.06191441956124314 0.03656307129798904
3 0.881976976691042 0.9716636197440585 0.04249028793418631 0.036563071297989184
1 0.8296032335466181 0.4250457038391222 0.340793532906764 0.2906764168190128
2 0.3326382541133455 0.5406764168190128 0.1651051188299817 0.15082266910420472
2 0.5790819241316271 0.6444241316270568 0.13111288848263264 0.15173674588665456
2 0.7557201211151736 0.7838208409506399 0.1517510283363802 0.13254113345521035
2 0.877120943784278 0.9565813528336381 0.12018681444241323 0.0868372943327239
2 0.06677045246800731 0.4881170018281536 0.13354090493601461 0.12248628884826332
1 0.8757355461608775 0.8555758683729434 0.24852890767824504 0.19926873857404004
