3 0.7526851005484461 0.7714808043875686 0.03156421389396712 0.023765996343692707
3 0.7417590265082268 0.4922303473491773 0.03884826325411339 0.053930530164533794
3 0.5906150022851919 0.2687385740402194 0.035206238574040184 0.02742230347349178
3 0.08740859232175502 0.15585009140767825 0.050988345521023756 0.0246800731261426
2 0.19788334095063984 0.5361060329067642 0.11411677330895792 0.10694698354661789
2 0.21852148080438755 0.1453382084095064 0.11168875685557587 0.08226691042047532
2 0.4054787477148081 0.1750457038391225 0.1165447897623401 0.08318098720292504
2 0.562692813071298 0.24085923217550273 0.12018681444241303 0.08135283363802565
2 0.6925916933272395 0.3546617915904936 0.1323268967093236 0.09506398537477143
2 0.7660391910420475 0.48263254113345516 0.11411677330895799 0.09689213893967093
2 0.7836423103290676 0.6192870201096892 0.11290276508226697 0.0831809872029251
2 0.7520780964351005 0.7714808043875685 0.15660706124314444 0.1042047531992688
2 0.6258212408592321 0.9186471663619744 0.13961094606946972 0.10968921389396712
2 0.0637354319012797 0.1480804387568556 0.1274708638025594 0.07495429616087751
1 0.7168718578610602 0.2303473491773309 0.3289962294332724 0.2925045703839122
1 0.9151908135283364 0.556672760511883 0.16961837294332724 0.2998171846435101
1 0.3277822212065813 0.06627056672760512 0.376342550274223 0.13254113345521024
1 0.5432686814442412 0.6425959780621572 0.36298845978062155 0.3363802559414992
0 0.21730747257769634 0.7577696526508225 0.4346149451553927 0.48446069469835445
