3 0.11665770512958382 0.3021023765996344 0.02408861167867512 0.04113345521023763
3 0.3826648026669534 0.20292504570383912 0.04404774706957745 0.031078610603290677
3 0.6469512850844177 0.19195612431444242 0.02202387353478862 0.025594149908592313
2 0.43944510162383055 0.6307129798903108 0.11906656629745135 0.11151736745886659
2 0.2284976879234326 0.22851919561243142 0.06744811270029036 0.08409506398537477
2 0.3723411119475212 0.1873857404021938 0.07570706527583618 0.09689213893967094
2 0.5068932143241208 0.1713893967093236 0.06538337455640394 0.07952468007312617
2 0.6472954081083988 0.20063985374771484 0.06675986665232793 0.07586837294332717
2 0.7849446177008281 0.2664533820840951 0.10254866114635973 0.09049360146252287
2 0.9170878589095599 0.39351005484460694 0.08878374018711695 0.12705667276051189
2 0.0822454027314765 0.3162705667276051 0.09428970857081406 0.10054844606946986
1 0.3802559414990859 0.057129798903107855 0.1259490267770728 0.11425959780621571
1 0.6218303043337994 0.0987202925045704 0.24157436283471342 0.1974405850091408
1 0.9342832562641143 0.20886654478976233 0.13143348747177114 0.20383912248628883
0 0.6111624905903861 0.7262340036563072 0.7130229056887839 0.5475319926873857
