3 0.3945526736745887 0.659963436928702 0.03642024680073121 0.04021937842778783
3 0.9481404250457038 0.4730347349177331 0.048560329067641704 0.03930530164533821
3 0.8716579067641682 0.11654478976234003 0.02428016453382071 0.021023765996343702
2 0.12807786791590495 0.6448811700182816 0.1590350776965265 0.1325411334552102
2 0.36541647623400364 0.6791590493601463 0.11897280621572211 0.12614259597806218
2 0.6015410763254113 0.6576782449725777 0.12018681444241323 0.12340036563071294
2 0.8121715036563072 0.5950639853747716 0.12625685557586835 0.11334552102376598
2 0.40912077239488115 0.22714808043875684 0.1262568555758684 0.0886654478976234
2 0.9232532563985374 0.4716636197440585 0.11775879798903105 0.093235831809872
2 0.9570740973491774 0.350091407678245 0.08585180530164535 0.07678244972577698
2 0.9499614373857403 0.2317184643510055 0.09590664990859238 0.07952468007312614
2 0.8734789191042047 0.11151736745886655 0.09105061700182801 0.07861060329067643
0 0.4437200068555759 0.3482632541133455 0.6616344835466179 0.4149908592321755
