3 0.40122971892138937 0.839579524680073 0.04491830438756857 0.0411334552102376
3 0.2082024108775137 0.6946983546617915 0.057058386654478994 0.0457038391224863
3 0.33628027879341865 0.3075868372943327 0.03642024680073124 0.024680073126142617
3 0.7769652650822669 0.16407678244972576 0.04856032906764156 0.0246800731261426
2 0.3593464351005484 0.8715722120658136 0.18938528336380256 0.15082266910420486
2 0.22094949725776963 0.6882998171846435 0.1481090036563071 0.13711151736745883
2 0.2160934643510055 0.4936014625228519 0.17481718464351004 0.11517367458866545
2 0.2980390196526508 0.32541133455210236 0.12989888025594148 0.09323583180987204
1 0.4692141796160877 0.48537477148080443 0.22701953839122482 0.37842778793418647
2 0.41519081352833637 0.22760511882998175 0.09954867458866545 0.08592321755027424
2 0.5742258912248629 0.17047531992687387 0.09226462522851918 0.08500914076782451
2 0.7435800388482633 0.15265082266910424 0.13232689670932346 0.08043875685557589
2 0.9123271823583181 0.1896709323583181 0.08376656764168189 0.08500914076782447
2 0.855268795703839 0.5443327239488117 0.13475491316270577 0.0978062157221207
0 0.8095720978062156 0.7084095063985374 0.38085580438756866 0.5173674588665448
