3 0.4064092913216475 0.45658135283363804 0.03234756425422091 0.03747714808043874
3 0.9835036025379074 0.2883912248628885 0.028906334014410076 0.035648994515539274
2 0.1441875470480697 0.7819926873857403 0.18926766318959026 0.21663619744058493
2 0.3565114528443919 0.48583180987202923 0.1555436068394451 0.14533820840950645
2 0.5399290246263039 0.33638025594149906 0.11493709000967847 0.1389396709323583
2 0.73745564039144 0.2819926873857404 0.10805462953005701 0.14351005484460697
2 0.936347994408001 0.2806215722120658 0.12730401118399826 0.12248628884826324
1 0.5485321002258307 0.1393967093235832 0.42946553392837933 0.2294332723948812
1 0.15382299171953973 0.39213893967093244 0.30764598343907945 0.5447897623400366
1 0.9115711366813636 0.1270566727605119 0.17685772663727278 0.24862888482632545
