3 0.8734789191042047 0.5443327239488117 0.04006227148080427 0.030164533820840944
3 0.549945726691042 0.4556672760511883 0.06555644424131636 0.03747714808043881
3 0.19727633683729434 0.46983546617915906 0.032778222120658146 0.01828153564899452
2 0.49045932358318095 0.8679159049360146 0.16267710237659969 0.0978062157221207
2 0.16085609003656307 0.4739488117001828 0.13718292961608772 0.0831809872029251
2 0.35752542276051186 0.44149908592321757 0.09105061700182816 0.093235831809872
2 0.534770623857404 0.4396709323583181 0.12018681444241323 0.0914076782449726
2 0.7077667961608775 0.4675502742230347 0.08740859232175495 0.08866544789762337
2 0.8637668532906764 0.5434186471663619 0.10804673217550274 0.0904936014625229
2 0.9649651508226691 0.6585923217550274 0.0700696983546618 0.10694698354661789
1 0.2033463779707495 0.6796160877513711 0.38969664076782445 0.3427787934186471
1 0.18695726691042047 0.21252285191956127 0.2500856946983546 0.20383912248628885
1 0.5645138254113345 0.256855575868373 0.3010740402193784 0.2084095063985375
0 0.6306772737659964 0.6956124314442412 0.5790819241316271 0.40585009140767814
