3 0.2604047646252285 0.76691042047532 0.035206238574040254 0.03290676416818997
3 0.7029107632541133 0.5799817184643511 0.03399223034734902 0.02650822669104201
3 0.636140310786106 0.2769652650822669 0.02185214808043881 0.02742230347349178
3 0.4054787477148079 0.18190127970749542 0.05341636197440585 0.02376599634369285
3 0.14203896252285192 0.14945155393053017 0.03156421389396709 0.02285191956124317
2 0.2403736288848263 0.7943327239488117 0.12140082266910418 0.11517367458866545
2 0.432186928702011 0.7650822669104204 0.10197669104204757 0.10054844606946986
2 0.04431130027422303 0.7774223034734917 0.08862260054844606 0.11243144424131629
2 0.25372771937842775 0.4154478976234004 0.11411677330895795 0.07404021937842785
2 0.6865216521937841 0.5804387568555759 0.09833466636197435 0.06764168190127975
2 0.5833309529250457 0.6956124314442413 0.0934786334552102 0.09506398537477154
2 0.7205138825411335 0.47120658135283366 0.11047474862888493 0.06489945155393059
2 0.7047317755941499 0.3775137111517367 0.09590664990859238 0.07495429616087755
2 0.6288562614259599 0.276508226691042 0.0849805758683729 0.05758683729433273
2 0.5232375457038391 0.20795246800731262 0.06312842778793418 0.05758683729433273
2 0.40365773537477145 0.17047531992687387 0.07891053473491766 0.06672760511882998
2 0.2628327810786106 0.1503656307129799 0.06677045246800734 0.05941499085923219
2 0.11775879798903105 0.15127970749542963 0.11168875685557583 0.05758683729433276
0 0.29986003199268735 0.529707495429616 0.548731718464351 0.38665447897623395
1 0.8453853404936015 0.75 0.3092293190127971 0.1782449725776965
1 0.9000157106946983 0.4341864716636198 0.19996857861060335 0.20658135283363804
1 0.6865216521937841 0.20658135283363804 0.30714408135283366 0.12979890310786105
1 0.5214165333638026 0.06901279707495431 0.22216350548446062 0.13802559414990861
