0 0.4309729204753199 0.06261425959780621 0.3374942870201096 0.12522851919561243
3 0.21305844378427788 0.5694698354661791 0.0376342550274223 0.025594149908592313
3 0.6938057015539306 0.29113345521023765 0.04249028793418645 0.02285191956124315
2 0.2822569127056673 0.8011882998171846 0.1905992915904936 0.10694698354661795
2 0.19302730804387566 0.6000914076782451 0.12382883912248627 0.11243144424131636
2 0.19849034506398536 0.4753199268738574 0.12747086380255943 0.07678244972577701
2 0.28468492915904936 0.376599634369287 0.10561871572212063 0.06398537477148082
2 0.8479847463436928 0.5301645338208409 0.11290276508226697 0.08043875685557587
2 0.5092764510968921 0.9579524680073126 0.20031135740402192 0.08409506398537474
2 0.5456966978976234 0.2819926873857404 0.09105061700182816 0.05210237659963436
2 0.8394866887568555 0.296617915904936 0.06919846892138935 0.06124314442413166
2 0.6853076439670932 0.2797074954296161 0.07891053473491766 0.05484460694698356
1 0.8866616202010968 0.8199268738574039 0.22667675959780623 0.2522851919561242
1 0.5274865744972577 0.4008226691042047 0.42854490402193784 0.256855575868373
1 0.9200468464351002 0.39076782449725733 0.1599063071297986 0.17824497257769642
