3 0.540617270674266 0.5393053016453382 0.04060651682976669 0.04021937842778797
3 0.8916227551349607 0.5566727605118831 0.05574792988493371 0.06581352833638021
2 0.2106032906764168 0.9181901279707495 0.1156253360576406 0.1636197440585009
2 0.34240240886116785 0.709780621572212 0.10254866114635984 0.15447897623400364
2 0.502763738036348 0.5443327239488117 0.11906656629745128 0.12340036563071294
2 0.6961608775137111 0.5041133455210237 0.09016023228304121 0.14899451553930532
2 0.8895580169910743 0.5370201096892139 0.09291321647488986 0.1837294332723949
1 0.14728465426389933 0.6499085923217551 0.29456930852779867 0.4661791590493602
1 0.5533498225615658 0.3610603290676417 0.4101946445854393 0.27970749542961604
1 0.9301537799763415 0.33775137111517367 0.13969244004731693 0.27696526508226693
