2 0.3241401965265082 0.8053016453382085 0.13839693784277876 0.0895795246800732
2 0.9129341864716636 0.959780621572212 0.13596892138939665 0.08043875685557594
3 0.4649651508226691 0.6352833638025595 0.048560329067641635 0.03473491773308957
2 0.2652607975319927 0.9707495429616089 0.12989888025594154 0.05850091407678249
2 0.434614945155393 0.6508226691042047 0.13354090493601467 0.09140767824497253
2 0.593043018738574 0.5589579524680073 0.10319069926873865 0.09232175502742229
3 0.7775722691956123 0.5347349177330896 0.08376656764168189 0.031078610603290712
2 0.7690742116087751 0.5205667276051189 0.12989888025594154 0.09414990859232177
2 0.9299303016453382 0.5196526508226691 0.1116887568555758 0.09963436928702009
1 0.5754398994515539 0.8436928702010968 0.45161106032906756 0.31261425959780625
0 0.8690585009140768 0.7513711151736746 0.2618829981718464 0.360146252285192
1 0.27557986745886653 0.33180987202925044 0.39091064899451555 0.24314442413162707
1 0.6944127056672761 0.3034734917733089 0.34963436928702024 0.20658135283363802
