1 0.5772609117915904 0.5031992687385741 0.6155021709323583 0.4981718464351006
3 0.3599534392138939 0.7792504570383911 0.08376656764168185 0.048446069469835464
3 0.6561714465265083 0.8098720292504571 0.06677045246800738 0.051188299817184486
3 0.10926074040219377 0.27787934186471663 0.07041247714808044 0.051188299817184625
2 0.35752542276051186 0.7577696526508225 0.23430358775137108 0.14625228519195602
2 0.6331052902193783 0.8569469835466179 0.16631912705667276 0.16544789762340045
2 0.9007941042047531 0.8962522851919562 0.1383969378427787 0.1416819012797076
2 0.8868330095978061 0.2893053016453382 0.17603119287020108 0.08866544789762344
2 0.16024908592321752 0.5571297989031079 0.20638139853747708 0.13254113345521026
2 0.08194555530164534 0.31855575868372943 0.16389111060329067 0.16361974405850085
2 0.09044361288848264 0.1316270566727605 0.15903507769652653 0.1170018281535649
