3 0.3396494246693193 0.6256855575868373 0.03510054844606941 0.03382084095063988
3 0.06538337455640392 0.6467093235831811 0.06469512850844177 0.048446069469835464
3 0.7536294225185504 0.5406764168190128 0.035788794494031606 0.03930530164533821
2 0.08190127970749543 0.6343692870201098 0.15141413055167222 0.15722120658135288
2 0.33139047209377354 0.670018281535649 0.1300785030648457 0.17915904936014634
2 0.5839767716958814 0.6659049360146253 0.12044305839337575 0.156307129798903
2 0.766017851381869 0.5735831809872028 0.10461339929024618 0.14899451553930526
2 0.8427572857296484 0.4744058500914076 0.11631358210560279 0.08957952468007313
2 0.8458543929454779 0.3779707495429616 0.10048392300247343 0.0868372943327239
2 0.7980212926121087 0.3021023765996344 0.09566620066673835 0.07038391224862892
2 0.6469512850844177 0.20109689213893966 0.06882460479621472 0.06581352833638025
2 0.34584363910097865 0.14488117001828155 0.06125389826863106 0.04661791590493602
2 0.24742445424239165 0.15127970749542963 0.08603075599526828 0.05758683729433276
2 0.12594902677707281 0.1695612431444241 0.08396601785138187 0.05393053016453384
2 0.03097107215829659 0.22120658135283364 0.06194214431659318 0.06032906764168192
1 0.150381761479729 0.35648994515539306 0.300763522959458 0.28519195612431447
1 0.34033767071728144 0.07495429616087751 0.10392515324228413 0.1352833638025594
1 0.5278847187869663 0.10054844606946983 0.169308527798688 0.14625228519195613
1 0.7963006774922033 0.1837294332723949 0.20234433810087094 0.17001828153564902
0 0.5533498225615657 0.3345521023765996 0.45561888375094084 0.3071297989031079
