3 0.3690585009140767 0.7239488117001828 0.036420246800731276 0.043875685557586905
3 0.9299303016453382 0.46983546617915906 0.03642024680073121 0.02742230347349178
3 0.8133855118829981 0.08455210237659964 0.03156421389396712 0.026508226691042056
2 0.3520623857404022 0.7449725776965265 0.1286848720292504 0.12065813528336378
2 0.10076268281535648 0.7257769652650823 0.13111288848263253 0.12797074954296164
2 0.5784749200182815 0.7084095063985374 0.12261483089579528 0.13345521023765997
2 0.7787862774223036 0.6128884826325411 0.12261483089579528 0.11608775137111521
2 0.909899165904936 0.47806215722120654 0.14689499542961598 0.09689213893967093
2 0.9400779821755026 0.3345521023765997 0.11984403564899467 0.08957952468007313
2 0.9111131741316271 0.20475319926873858 0.11290276508226682 0.08592321755027424
2 0.8158135283363802 0.08409506398537477 0.09226462522851918 0.08043875685557587
2 0.3362802787934186 0.2755941499085923 0.13839693784277876 0.08500914076782451
0 0.39333866544789764 0.4072212065813528 0.6482803930530164 0.4670932358318099
