3 0.765673728357888 0.49177330895795246 0.026841595870523774 0.029250457038391176
3 0.4903753091730294 0.34552102376599636 0.0392300247338423 0.043875685557586905
3 0.2260888267555651 0.3496343692870201 0.021335627486826495 0.024680073126142545
2 0.34722013119690287 0.909963436928702 0.10392515324228409 0.13985374771480794
2 0.869598881600172 0.7230347349177331 0.11218410581782991 0.1590493601462522
2 0.9040111839982794 0.9442413162705668 0.1300785030648457 0.11151736745886652
2 0.7625766211420583 0.4986288848263254 0.07846004946768474 0.13436928702010967
2 0.6335304871491558 0.37614259597806216 0.08327777180341968 0.13254113345521024
2 0.493472416388859 0.3153564899451554 0.07983654156360899 0.12614259597806213
2 0.34825250026884613 0.3098720292504571 0.07157758898806325 0.11700182815356489
2 0.19993547693300354 0.3510054844606947 0.08190127970749542 0.10420475319926872
2 0.07260995806000645 0.48217550274223037 0.08327777180341973 0.11791590493601461
1 0.24191848585869435 0.7801645338208405 0.22780944187547023 0.43967093235831767
1 0.5894827400795785 0.5251371115173674 0.35031723841273255 0.25319926873857407
1 0.6383482094848908 0.7998171846435099 0.1837616948058931 0.40036563071297976
1 0.6338746101731368 0.6311700182815357 0.0055059683836972085 0.06855575868372946
0 0.14074631680825894 0.7458866544789763 0.2814926336165179 0.5082266910420475
