3 0.3538833980804388 0.7472577696526508 0.04491830438756857 0.03930530164533821
3 0.9123271823583181 0.8889396709323583 0.05948640310786104 0.05027422303473486
3 0.11229576096892138 0.6512797074954296 0.04249028793418645 0.03564899451553941
3 0.18088722577696525 0.3711151736745887 0.041276279707495436 0.020109689213893917
2 0.30107404021937845 0.7728519195612432 0.16024908592321757 0.13619744058500927
2 0.5675488459780621 0.8985374771480805 0.17845920932358317 0.16819012797074948
2 0.8910820383912247 0.9191042047531992 0.19181329981718462 0.159963436928702
2 0.11775879798903109 0.6361974405850092 0.1675331352833638 0.10968921389396712
2 0.10622571983546618 0.49680073126142593 0.17845920932358317 0.07586837294332724
2 0.15114402422303475 0.3825411334552102 0.1323268967093236 0.08135283363802565
2 0.22519852605118829 0.3171846435100549 0.10076268281535647 0.06946983546617919
2 0.34599234460694694 0.26371115173674586 0.08498057586837302 0.053930530164533794
2 0.7059457838208409 0.4474405850091408 0.11775879798903105 0.06855575868372946
2 0.6373543190127972 0.24497257769652647 0.08012454296160883 0.0493601462522852
2 0.9129341864716636 0.2906764168190128 0.089836608775137 0.051188299817184625
1 0.3896966407678245 0.5237659963436928 0.27436585923217544 0.3071297989031078
1 0.5153464922303473 0.29981718464351004 0.3071440813528337 0.19195612431444242
0 0.8035020566727604 0.36471663619744066 0.39299588665447904 0.35648994515539306
1 0.8073154707495429 0.1942413162705667 0.2355175959780621 0.11243144424131626
1 0.5104904593235831 0.15219378427787933 0.18088722577696523 0.12157221206581353
