3 0.3581324268738574 0.7536563071297988 0.05098834552102374 0.04296160877513713
3 0.1675331352833638 0.6188299817184644 0.041276279707495436 0.04021937842778797
3 0.7593621457952469 0.9556672760511883 0.03520623857404033 0.03930530164533821
3 0.288933957952468 0.26279707495429616 0.04613231261425959 0.02650822669104201
3 0.709587808500914 0.12065813528336382 0.032778222120658146 0.014625228519195605
3 0.9724205895795247 0.22166361974405852 0.048560329067641704 0.03564899451553931
2 0.48742430301645334 0.9209323583180988 0.13475491316270563 0.14168190127970745
2 0.3120001142595978 0.7829067641681903 0.12625685557586835 0.13985374771480807
2 0.7217278907678244 0.9570383912248629 0.12747086380255937 0.08592321755027427
2 0.941463379798903 0.9556672760511883 0.11290276508226697 0.08866544789762344
2 0.18028022166361976 0.6110603290676416 0.13961094606946986 0.13802559414990853
2 0.17299617230347353 0.43327239488117003 0.15175102833638024 0.08409506398537474
2 0.2555487317184644 0.27879341864716634 0.144466978976234 0.0895795246800731
2 0.35509740630712977 0.18647166361974407 0.0934786334552102 0.08957952468007307
2 0.7939613802559415 0.47577696526508234 0.1238288391224863 0.09597806215722123
2 0.5117044675502743 0.12659963436928703 0.11047474862888486 0.07952468007312616
2 0.6762025822669103 0.10968921389396709 0.11411677330895799 0.06764168190127971
2 0.8473777422303473 0.1540219378427788 0.0849805758683729 0.07952468007312614
2 0.962537134369287 0.20749542961608775 0.07492573126142603 0.09689213893967093
1 0.40244372714808035 0.4186471663619744 0.2245915219378427 0.34552102376599636
0 0.7871129456124314 0.6352833638025593 0.42577410877513716 0.4734917733089579
