3 0.05887939899451553 0.8976234003656307 0.057058386654478974 0.045703839122486156
3 0.7660391910420475 0.686471663619744 0.03156421389396712 0.03107861060329057
3 0.8607318327239488 0.3871115173674589 0.041276279707495436 0.06489945155393052
3 0.770288219835466 0.10968921389396709 0.05948640310786104 0.03290676416819013
2 0.32838922531992687 0.8852833638025595 0.15903507769652647 0.12340036563071308
2 0.5669418418647166 0.8144424131627056 0.15782106946983554 0.11700182815356484
2 0.7508640882084094 0.6860146252285193 0.15660706124314444 0.08683729433272404
2 0.8522337751371115 0.5347349177330896 0.1505370201096892 0.0895795246800732
2 0.881976976691042 0.37659963436928706 0.13475491316270563 0.0987202925045704
2 0.83887968464351 0.23263254113345522 0.13596892138939665 0.07404021937842778
2 0.2555487317184644 0.3272394881170018 0.13475491316270566 0.12248628884826332
2 0.7429730347349178 0.08592321755027423 0.1116887568555758 0.08409506398537477
2 0.06494944012797074 0.8907678244972579 0.12989888025594148 0.1544789762340038
1 0.608218121572212 0.5022851919561243 0.45889510968921393 0.37202925045703844
0 0.8811985831809868 0.12477148080438752 0.23760283363802617 0.24954296160877504
0 0.19909734917733093 0.39305301645338203 0.39819469835466187 0.4460694698354662
